array([  2.  ,   2.05,   2.1 ,   2.15,   2.2 ,   2.25,   2.3 ,   2.35,
         2.4 ,   2.45,   2.5 ,   2.55,   2.6 ,   2.65,   2.7 ,   2.75,
         2.8 ,   2.85,   2.9 ,   2.95,   3.  ,   3.05,   3.1 ,   3.15,
         3.2 ,   3.25,   3.3 ,   3.35,   3.4 ,   3.45,   3.5 ,   3.55,
         3.6 ,   3.65,   3.7 ,   3.75,   3.8 ,   3.85,   3.9 ,   3.95,
         4.  ,   4.05,   4.1 ,   4.15,   4.2 ,   4.25,   4.3 ,   4.35,
         4.4 ,   4.45,   4.5 ,   4.55,   4.6 ,   4.65,   4.7 ,   4.75,
         4.8 ,   4.85,   4.9 ,   4.95,   5.  ,   5.05,   5.1 ,   5.15,
         5.2 ,   5.25,   5.3 ,   5.35,   5.4 ,   5.45,   5.5 ,   5.55,
         5.6 ,   5.65,   5.7 ,   5.75,   5.8 ,   5.85,   5.9 ,   5.95,
         6.  ,   6.05,   6.1 ,   6.15,   6.2 ,   6.25,   6.3 ,   6.35,
         6.4 ,   6.45,   6.5 ,   6.55,   6.6 ,   6.65,   6.7 ,   6.75,
         6.8 ,   6.85,   6.9 ,   6.95,   7.  ,   7.05,   7.1 ,   7.15,
         7.2 ,   7.25,   7.3 ,   7.35,   7.4 ,   7.45,   7.5 ,   7.55,
         7.6 ,   7.65,   7.7 ,   7.75,   7.8 ,   7.85,   7.9 ,   7.95,
         8.  ,   8.05,   8.1 ,   8.15,   8.2 ,   8.25,   8.3 ,   8.35,
         8.4 ,   8.45,   8.5 ,   8.55,   8.6 ,   8.65,   8.7 ,   8.75,
         8.8 ,   8.85,   8.9 ,   8.95,   9.  ,   9.05,   9.1 ,   9.15,
         9.2 ,   9.25,   9.3 ,   9.35,   9.4 ,   9.45,   9.5 ,   9.55,
         9.6 ,   9.65,   9.7 ,   9.75,   9.8 ,   9.85,   9.9 ,   9.95,
        10.  ,  10.05,  10.1 ,  10.15,  10.2 ,  10.25,  10.3 ,  10.35,
        10.4 ,  10.45,  10.5 ,  10.55,  10.6 ,  10.65,  10.7 ,  10.75,
        10.8 ,  10.85,  10.9 ,  10.95,  11.  ])