doa =  [[ 1.58476299  2.82337562]
 [ 1.95565675  2.82337562]
 [ 1.58366513  3.64669121]
 [ 1.16217365  2.82337562]
 [ 1.58327448  2.58405149]
 [ 1.92800189  3.64669121]
 [ 1.19119125  3.64669121]
 [ 1.91801992  2.58405148]
 [ 1.20168346  2.58405148]
 [ 1.58201712  3.8443768 ]
 [ 1.88540492  3.8443768 ]
 [ 1.23603008  3.8443768 ]
 [ 1.58135697  2.90276143]
 [ 1.86799543  2.90276143]
 [ 1.58085767  3.52957277]
 [ 1.25440242  2.90276143]
 [ 1.58066764  2.70973641]
 [ 1.85470308  3.52957277]
 [ 1.26844699  3.52957277]
 [ 1.84961653  2.70973641]
 [ 1.27382517  2.70973641]
 [ 1.58000894  3.70097327]
 [ 1.57986238  0.2045078 ]
 [ 1.83187157  3.70097327]
 [ 1.2926033   3.70097327]
 [ 1.82790023  0.20450779]
 [ 1.57954057  5.94816123]
 [ 1.29680914  0.20450779]
 [ 1.57941496  0.37410438]
 [ 1.81915051  5.94816123]
 [ 1.30607958  5.94816123]
 [ 1.81572465  0.37410438]
 [ 1.30971082  0.37410438]
 [ 1.57896608  5.79322803]
 [ 1.5789314   2.15699379]
 [ 1.07961069  0.20450779]
 [ 1.8034347   5.79322803]
 [ 2.07597409  0.20450779]
 [ 1.3227443   5.79322803]
 [ 1.80248225  2.15699379]
 [ 1.3237548   2.15699379]
 [ 1.0944912   5.94816123]
 [ 2.06081525  5.94816123]
 [ 1.10036244  0.37410437]
 [ 2.05483074  0.37410437]
 [ 1.57826517  0.16809561]
 [ 1.57815755  4.18812978]
 [ 1.12163092  5.79322803]
 [ 2.03313589  5.79322803]
 [ 1.78410165  0.16809561]
 [ 1.57808213  6.00568632]
 [ 1.34326739  0.16809561]
 [ 1.57806057  2.30274742]
 [ 1.57800899  0.31080206]
 [ 1.78111843  4.18812978]
 [ 1.34643637  4.18812978]
 [ 1.57793801  2.07789474]
 [ 1.77902577  6.00568632]
 [ 1.78410165  0.16809561]
 [ 1.77842709  2.30274742]
 [ 1.34865964  6.00568632]
 [ 1.34929575  2.30274742]
 [ 1.77699438  0.31080206]
 [ 1.3508181   0.31080206]
 [ 1.77502131  2.07789474]
 [ 1.35291482  2.07789474]
 [ 1.77902577  6.00568632]
 [ 1.5777397   5.8717291 ]
 [ 1.77699438  0.31080206]
 [ 1.76950012  5.8717291 ]
 [ 1.99830381  0.16809561]
 [ 1.35878325  5.8717291 ]
 [ 1.57751539  0.75878841]
 [ 1.57749366  4.04852635]
 [ 1.98901871  6.00568632]
 [ 1.76950012  5.8717291 ]
 [ 1.98528672  0.31080205]
 [ 1.76324075  0.75878841]
 [ 1.36543844  0.75878841]
 [ 1.76263341  4.04852635]
 [ 1.36608431  4.04852635]
 [ 1.57732706  2.21534229]
 [ 1.57731151  4.25340343]
 [ 1.75797316  2.21534229]
 [ 1.75753799  4.25340343]
 [ 1.37104085  2.21534229]
 [ 1.97144011  5.87172911]
 [ 1.37150376  4.25340343]
 [ 1.57705925  5.45525968]
 [ 1.75046502  5.45525968]
 [ 1.37902888  5.45525968]
 [ 1.57692238  0.8478169 ]
 [ 1.57683772  4.12304598]
 [ 1.74661951  0.8478169 ]
 [ 1.38312133  0.8478169 ]
 [ 1.57678205  0.65978313]
 [ 1.74423854  4.12304598]
 [ 1.57674513  3.00794039]
 [ 1.3856556   4.12304598]
 [ 1.57669642  3.00904111]
 [ 1.74267172  0.65978313]
 [ 1.38732344  0.65978313]
 [ 1.741632    3.00794039]
 [ 1.57665139  3.36356404]
 [ 1.38843027  3.00794039]
 [ 1.57661323  2.89238149]
 [ 1.74026007  3.00904111]
 [ 1.57660494  3.36177372]
 [ 1.38989085  3.00904111]
 [ 1.73899102  3.36356404]
 [ 1.57656767  2.89437433]
 [ 1.39124198  3.36356404]
 [ 1.74267172  0.65978313]
 [ 1.73791509  2.89238149]
 [ 1.73768126  3.36177372]
 [ 1.39238755  2.89238149]
 [ 1.39263653  3.36177372]
 [ 1.57651309  5.37784455]
 [ 1.73663012  2.89437433]
 [ 1.39375579  2.89437433]
 [ 1.57646918  3.47446585]
 [ 1.57645278  5.55541564]
 [ 1.73509     5.37784455]
 [ 1.5764269   3.47189004]
 [ 1.3953958   5.37784456]
 [ 1.73385027  3.47446585]
 [ 1.39671602  3.47446585]
 [ 1.73338718  5.55541564]
 [ 1.39720921  5.55541564]
 [ 1.73265614  3.47189004]
 [ 1.57635133  0.74768014]
 [ 1.39798776  3.47189004]
 [ 1.73052082  0.74768014]
 [ 1.40026203  0.74768014]
 [ 1.73338718  5.55541564]
 [ 1.73052082  0.74768014]
 [ 1.57604075  5.47701869]
 [ 1.57600701  3.02460566]
 [ 1.72172924  5.47701869]
 [ 1.40962793  5.47701869]
 [ 1.57596953  3.02545102]
 [ 1.72077277  3.02460566]
 [ 1.57594367  3.33636357]
 [ 1.4106471   3.02460566]
 [ 1.57593336  1.9276429 ]
 [ 1.57591768  2.92270149]
 [ 1.71970986  3.02545101]
 [ 1.57590996  2.59047363]
 [ 1.57590753  3.33497863]
 [ 1.41177973  3.02545101]
 [ 1.7189764   3.33636357]
 [ 1.57588208  2.9242476 ]
 [ 1.41256133  3.33636357]
 [ 1.57587893  2.59419971]
 [ 1.71868393  1.9276429 ]
 [ 1.412873    1.9276429 ]
 [ 1.71823911  2.92270149]
 [ 1.71802007  2.59047363]
 [ 1.41334703  2.92270149]
 [ 1.71795098  3.33497863]
 [ 1.72172924  5.47701869]
 [ 1.41358047  2.59047363]
 [ 1.41365409  3.33497863]
 [ 1.71722882  2.9242476 ]
 [ 1.71713929  2.59419971]
 [ 1.41442371  2.9242476 ]
 [ 1.57581855  3.43506987]
 [ 1.41451912  2.59419971]
 [ 1.57578496  3.43304948]
 [ 1.71542509  3.43506987]
 [ 1.41634607  3.43506987]
 [ 1.71447117  3.43304948]
 [ 1.41736278  3.43304948]
 [ 1.57570006  3.75625566]
 [ 1.57569133  2.03794646]
 [ 1.57567267  3.75231868]
 [ 1.71205843  3.75625566]
 [ 1.41993452  3.75625566]
 [ 1.71181031  2.03794646]
 [ 1.420199    2.03794646]
 [ 1.71127983  3.75231868]
 [ 1.42076448  3.75231868]
 [ 1.57560836  0.10800019]
 [ 1.57560722  2.51194741]
 [ 1.57557634  0.10727884]
 [ 1.70945092  0.10800019]
 [ 1.70941854  2.51194741]
 [ 1.57555834  6.10316145]
 [ 1.42271414  0.10800019]
 [ 1.42274866  2.51194741]
 [ 1.57553774  0.20241688]
 [ 1.70854006  0.10727884]
 [ 1.57552731  6.1043474 ]
 [ 1.42368518  0.10727884]
 [ 1.70802775  6.10316145]
 [ 1.57551381  1.03620192]
 [ 1.42423136  6.10316145]
 [ 1.57550711  0.20109101]
 [ 1.7074415   0.20241688]
 [ 1.42485638  0.20241688]
 [ 1.70714448  6.1043474 ]
 [ 1.42517305  6.1043474 ]
 [ 1.7067603   1.03620192]
 [ 1.42558264  1.03620192]
 [ 1.70656943  0.20109101]
 [ 1.57545875  6.0112901 ]
 [ 1.42578615  0.20109101]
 [ 1.57542961  6.01303213]
 [ 1.57542427  3.8319461 ]
 [ 1.5754181   2.64859032]
 [ 1.70519252  6.0112901 ]
 [ 1.42725421  6.0112901 ]
 [ 1.57540123  3.82784063]
 [ 1.57539188  2.65163528]
 [ 1.70436255  6.01303213]
 [ 1.57538414  4.27664883]
 [ 1.70421043  3.8319461 ]
 [ 1.42813917  6.01303213]
 [ 1.42830137  3.8319461 ]
 [ 1.70403458  2.64859032]
 [ 1.42848888  2.64859032]
 [ 1.70355394  3.82784063]
 [ 1.42900138  3.82784063]
 [ 1.70328765  2.65163528]
 [ 1.42928532  2.65163528]
 [ 1.70306697  4.27664883]
 [ 1.42952065  4.27664883]
 [ 1.57529415  1.99742373]
 [ 1.70050191  1.99742373]
 [ 1.43225594  1.99742373]
 [ 1.57523773  0.94435105]
 [ 1.57523703  5.21258637]
 [ 1.57521097  2.57073257]
 [ 1.69889252  0.94435105]
 [ 1.69887253  5.21258637]
 [ 1.43397228  0.94435105]
 [ 1.4339936   5.21258637]
 [ 1.57518811  2.57405498]
 [ 1.69812916  2.57073257]
 [ 1.4347864   2.57073257]
 [ 1.57515527  1.08063378]
 [ 1.69747674  2.57405497]
 [ 1.43548223  2.57405497]
 [ 1.5751331   0.4601565 ]
 [ 1.69653964  1.08063378]
 [ 1.43648169  1.08063378]
 [ 1.5751125   0.09683409]
 [ 1.57510962  0.4574748 ]
 [ 1.69590666  0.4601565 ]
 [ 1.43715681  0.4601565 ]
 [ 1.69889252  0.94435105]
 [ 1.57508669  0.09625336]
 [ 1.69531845  0.09683409]
 [ 1.69523629  0.4574748 ]
 [ 1.57507629  6.12155479]
 [ 1.43778421  0.09683409]
 [ 1.43787184  0.4574748 ]
 [ 1.57506132  0.18183715]
 [ 1.57505113  6.12251339]
 [ 1.57505019  3.76688617]
 [ 1.43857017  0.09625336]
 [ 1.69428454  6.12155479]
 [ 1.43888701  6.12155479]
 [ 1.57503642  0.18076368]
 [ 1.57502972  3.763417  ]
 [ 1.69385685  0.18183715]
 [ 1.57502912  4.31238831]
 [ 1.43934321  0.18183715]
 [ 1.69353899  3.76688617]
 [ 1.43965369  6.12251339]
 [ 1.43968227  3.76688617]
 [ 1.57500446  5.30132537]
 [ 1.57500355  6.03841075]
 [ 1.57500284  5.76570886]
 [ 1.44010201  0.18076368]
 [ 1.69295429  3.763417  ]
 [ 1.69293696  4.31238831]
 [ 1.44030596  3.763417  ]
 [ 1.44032445  4.31238831]
 [ 1.5749814   5.76860732]
 [ 1.57497964  6.03983004]
 [ 1.69223244  5.30132537]
 [ 1.69220651  6.03841075]
 [ 1.69218608  5.76570886]
 [ 1.44107598  5.30132537]
 [ 1.44110364  6.03841075]
 [ 1.44112542  5.76570886]
 [ 1.69157347  5.76860732]
 [ 1.44177893  5.76860732]
 [ 1.44183253  6.03983004]
 [ 1.57493981  0.53189208]
 [ 1.5749347   0.99289431]
 [ 1.57491276  5.17309118]
 [ 1.69038459  0.53189208]
 [ 1.44304719  0.53189208]
 [ 1.69023844  0.99289431]
 [ 1.44320311  0.99289431]
 [ 1.68961124  5.17309118]
 [ 1.44387222  5.17309118]
 [ 1.69223244  5.30132537]
 [ 1.57484435  2.3109531 ]
 [ 1.5748289   2.31512164]
 [ 1.68765468  2.3109531 ]
 [ 1.4459596   2.3109531 ]
 [ 1.57480601  5.69874146]
 [ 1.68721276  2.31512164]
 [ 1.69023844  0.99289431]
 [ 1.44643109  2.31512164]
 [ 1.68655794  5.69874146]
 [ 1.44712972  5.69874146]
 [ 1.57475963  0.41790236]
 [ 1.57473962  0.41566183]
 [ 1.68523055  0.41790236]
 [ 1.448546    0.41790236]
 [ 1.57472547  5.25766028]
 [ 1.44915704  0.41566183]
 [ 1.68425282  5.25766028]
 [ 1.44958923  5.25766028]
 [ 1.57466539  4.01190429]
 [ 1.57465947  5.81159043]
 [ 1.68253225  4.01190429]
 [ 1.57464093  5.81403574]
 [ 1.45142515  4.01190429]
 [ 1.68236278  5.81159043]
 [ 1.45160599  5.81159043]
 [ 1.57462668  0.4879745 ]
 [ 1.4521725   5.81403574]
 [ 1.57461095  2.25947814]
 [ 1.57460861  0.4854722 ]
 [ 1.68142366  0.4879745 ]
 [ 1.68425282  5.25766028]
 [ 1.45260812  0.4879745 ]
 [ 1.57459802  2.26358749]
 [ 1.68097308  2.25947814]
 [ 1.57458685  2.37817479]
 [ 1.45308894  2.25947814]
 [ 1.45316052  0.4854722 ]
 [ 1.68060248  2.26358749]
 [ 1.57457235  2.38182983]
 [ 1.45348442  2.26358749]
 [ 1.68028244  2.37817479]
 [ 1.45382594  2.37817479]
 [ 1.57455367  3.0573281 ]
 [ 1.67986687  2.38182983]
 [ 1.45426943  2.38182983]
 [ 1.57453408  3.05776852]
 [ 1.67933157  3.0573281 ]
 [ 1.57452971  3.28243376]
 [ 1.45484068  3.0573281 ]
 [ 1.57452024  5.74519273]
 [ 1.57451976  2.98305503]
 [ 1.57451469  3.05820438]
 [ 1.57451469  3.05820438]
 [ 1.67877002  3.05776852]
 [ 1.57451049  3.28170382]
 [ 1.45543996  3.05776852]
 [ 1.6786449   3.28243376]
 [ 1.45557349  3.28243376]
 [ 1.57450363  5.74785228]
 [ 1.45484068  3.0573281 ]
 [ 1.57450069  2.98387379]
 [ 1.67837347  5.74519273]
 [ 1.67835965  2.98305503]
 [ 1.45586316  5.74519273]
 [ 1.45587791  2.98305503]
 [ 1.67821421  3.05820438]
 [ 1.67821421  3.05820438]
 [ 1.57449146  3.28098137]
 [ 1.57449146  3.28098137]
 [ 1.45603312  3.05820438]
 [ 1.45603312  3.05820438]
 [ 1.67809389  3.28170382]
 [ 1.45616153  3.28170382]
 [ 1.57448542  1.82436452]
 [ 1.45543996  3.05776852]
 [ 1.57448181  2.9846842 ]
 [ 1.57448181  2.9846842 ]
 [ 1.45603312  3.05820438]
 [ 1.45603312  3.05820438]
 [ 1.57448114  3.35546549]
 [ 1.67781298  2.98387379]
 [ 1.45637136  5.74785228]
 [ 1.45557349  3.28243376]
 [ 1.45646133  2.98387379]
 [ 1.6775484   3.28098137]
 [ 1.6775484   3.28098137]
 [ 1.45587791  2.98305503]
 [ 1.45674369  3.28098137]
 [ 1.45674369  3.28098137]
 [ 1.67737524  1.82436452]
 [ 1.57446265  3.35437606]
 [ 1.4569285   1.82436452]
 [ 1.67727174  2.9846842 ]
 [ 1.67727174  2.9846842 ]
 [ 1.67725234  3.35546549]
 [ 1.45674369  3.28098137]
 [ 1.45674369  3.28098137]
 [ 1.45616153  3.28170382]
 [ 1.45703895  2.9846842 ]
 [ 1.45703895  2.9846842 ]
 [ 1.45705966  3.35546549]
 [ 1.45703895  2.9846842 ]
 [ 1.45703895  2.9846842 ]
 [ 1.45646133  2.98387379]
 [ 1.57444523  4.05896272]
 [ 1.57444435  3.3532975 ]
 [ 1.57444435  3.3532975 ]
 [ 1.6767223   3.35437606]
 [ 1.45762535  3.35437606]
 [ 1.57443872  3.94502088]
 [ 1.57443391  4.05491913]
 [ 1.45705966  3.35546549]
 [ 1.67622274  4.05896272]
 [ 1.57442481  0.72326737]
 [ 1.67619736  3.3532975 ]
 [ 1.67619736  3.3532975 ]
 [ 1.45815851  4.05896272]
 [ 1.4581856   3.3532975 ]
 [ 1.4581856   3.3532975 ]
 [ 1.67603598  3.94502088]
 [ 1.45835785  3.94502088]
 [ 1.6758979   4.05491913]
 [ 1.4581856   3.3532975 ]
 [ 1.4581856   3.3532975 ]
 [ 1.45762535  3.35437606]
 [ 1.45850521  4.05491913]
 [ 1.57441102  0.71991807]
 [ 1.67563689  0.72326737]
 [ 1.45878379  0.72326737]
 [ 1.57439265  1.90801416]
 [ 1.67524147  0.71991807]
 [ 1.45920582  0.71991807]
 [ 1.5743808   2.32983136]
 [ 1.6747144   1.90801416]
 [ 1.45976837  1.90801416]
 [ 1.67437448  2.32983136]
 [ 1.46013118  2.32983136]
 [ 1.57432046  1.18034254]
 [ 1.57431393  2.77310552]
 [ 1.67264301  1.18034254]
 [ 1.46197928  1.18034254]
 [ 1.57429784  2.7748713 ]
 [ 1.67245571  2.77310552]
 [ 1.57429517  4.47216258]
 [ 1.57429424  5.52004974]
 [ 1.46217921  2.77310552]
 [ 1.57428189  2.77662098]
 [ 1.57428189  2.77662098]
 [ 1.57428189  5.52342262]
 [ 1.67199383  2.7748713 ]
 [ 1.46267222  2.7748713 ]
 [ 1.67191724  4.47216259]
 [ 1.67189047  5.52004974]
 [ 1.46275397  4.47216259]
 [ 1.46278255  5.52004974]
 [ 1.46217921  2.77310552]
 [ 1.67153581  2.77662098]
 [ 1.67153581  2.77662098]
 [ 1.67153581  5.52342262]
 [ 1.46316113  2.77662098]
 [ 1.46316113  2.77662098]
 [ 1.46316113  5.52342262]
 [ 1.57425387  0.77512951]
 [ 1.46316113  2.77662098]
 [ 1.46316113  2.77662098]
 [ 1.57425327  3.99303873]
 [ 1.46267222  2.7748713 ]
 [ 1.5742438   3.06429193]
 [ 1.57424226  3.9894097 ]
 [ 1.57424193  0.77175372]
 [ 1.57423899  1.80709108]
 [ 1.67073133  0.77512951]
 [ 1.67071425  3.99303873]
 [ 1.46401985  0.77512951]
 [ 1.46403809  3.99303873]
 [ 1.57422729  3.06466287]
 [ 1.67044238  3.06429193]
 [ 1.67039808  3.9894097 ]
 [ 1.57422527  3.27088127]
 [ 1.67038868  0.77175372]
 [ 1.46432829  3.06429193]
 [ 1.46437558  3.9894097 ]
 [ 1.46438561  0.77175372]
 [ 1.67030422  1.80709108]
 [ 1.57421999  2.70918484]
 [ 1.46447577  1.80709108]
 [ 1.57421573  4.39236862]
 [ 1.57421317  3.55509877]
 [ 1.57421317  3.55509877]
 [ 1.57421094  3.06503027]
 [ 1.57421094  3.06503027]
 [ 1.6699683   3.06466287]
 [ 1.57420902  3.27026528]
 [ 1.6699102   3.27088127]
 [ 1.46483436  3.06466287]
 [ 1.46489638  3.27088127]
 [ 1.57420515  2.71118474]
 [ 1.66975865  2.70918484]
 [ 1.46505815  2.70918484]
 [ 1.57420079  1.10471258]]
