tau = [ 23.86713221  25.74826855  25.90353456  26.00589677  26.71456706
  27.64609677  27.8861973   28.40727606  28.64099626  29.70841516
  31.23879355  31.45147939  31.5656444   33.00969555  33.13220501
  33.21104234  33.77007551  34.5104815   34.70312186  35.1232117
  35.31250959  36.1848012   36.76975426  37.45035232  37.6279447
  38.01572774  38.12306298  38.19069113  38.67871406  39.32593151
  39.49509112  39.86471567  40.03159863  40.8039797   40.97791791
  41.69566991  41.92951758  42.01423039  42.08821424  42.09877275
  42.25683377  42.89361517  43.20334349  43.38811921  43.69434237
  44.63339207  45.28595588  45.29257972  45.5860115   45.66394152
  45.75470239  45.809703    45.89051822  46.21869515  46.30185981
  46.44561934  46.67807592  46.76033457  46.85683446  46.89321202
  46.90268886  47.03516415  47.21435752  47.35534699  47.66405587
  47.80371906  47.98186891  48.01134886  48.44775243  48.9702404
  49.04279311  49.10618879  49.6141571   49.77517159  50.06524632
  50.24950477  50.48955888  50.54234748  50.67407841  50.70038352
  50.83170489  51.0450064   51.16678171  51.94736653  52.06700811
  52.07554342  52.13525146  52.19489119  53.22774303  54.0932939
  54.21639768  54.41707085  55.17961088  55.26377154  55.38427374
  55.69281322  56.01464094  56.03851137  56.13353127  56.50109556
  56.52016356  56.63799275  56.86076562  56.93564665  56.97789045
  57.30918643  57.31662547  57.39100019  57.43282066  57.74495649
  57.76159531  57.86029151  57.99665686  58.11322282  58.19389048
  58.2278284   58.3083375   58.31307211  58.55933363  58.67306783
  58.76448492  58.934858    59.1032618   59.20577447  59.2159513
  59.54859827  59.6604466   59.71670155  59.82823562  59.98403491
  60.01118612  60.09507282  60.77898028  60.88856853  61.27669898
  62.36672794  63.56523608  63.97682332  64.28993355  64.39354695
  64.44036847  64.69683145  64.76408746  64.79979424  64.89406137
  65.09271861  65.15516523  65.1909849   65.22203762  65.25740486
  65.47528796  65.54837284  65.5770285   65.58905058  65.6038278
  65.70536931  65.80030395  65.89749616  65.90154272  65.92821011
  65.9693989   65.99858584  66.02925278  66.25100419  66.29124293
  66.35155529  66.37758547  66.39173309  66.8244792   67.0713716
  67.17069467  67.51358711  67.61226056  67.98156041  68.1027834
  68.36337908  68.6588345   68.7558644   68.77884042  68.87570125
  69.03683397  69.13333333  69.27701651  69.29340929  69.74102761
  69.94149936  69.95773327  70.0047007   70.03675226  70.05296409
  70.30884091  70.40104166  70.4639201   70.49567363  70.66220112
  70.66550806  70.7564838   70.76608669  70.96346478  71.05734773
  71.11708655  71.21076698  71.31678936  71.4102078   71.41643135
  71.5000346   71.50971962  71.94971066  72.0327308   72.12893787
  72.14362219  72.23597134  72.3931858   72.54040836  72.58922479
  72.66286597  72.67149831  72.68100776  72.7631775   72.76684227
  72.85840148  73.02873103  73.11996231  73.17464649  73.26569608
  73.29602081  73.38691982  74.11657739  74.73713936  74.82628772
  75.05823665  75.07008068  75.51315577  75.67089562  75.68264149
  75.7589452   75.77067741  75.90628341  76.12206572  76.20959403
  76.47804892  76.51198889  76.59907165  76.86907554  77.07915124
  77.16559395  77.23599638  77.28751962  77.46706827  77.5530786
  77.64766928  77.70053523  77.83109918  77.88221877  77.88935896
  77.91670766  77.96777112  78.16282511  78.35002411  78.36729849
  78.37712251  78.47938158  78.56428366  78.62188797  78.74617857
  78.75074603  78.75746799  78.83535586  78.95365729  79.0209255
  79.03804991  79.21894895  79.2360339   79.24949727  79.29043658
  79.32966378  79.34086799  79.41365682  79.42484918  79.65543756
  79.68891458  79.7988861   79.8158436   79.82920657  79.88238577
  79.89932554  79.91267456  80.23213543  80.31518467  80.34838033
  80.45504151  80.55443393  80.98372482  81.02589435  81.10813084
  81.12456814  81.2067047   81.55077491  81.63248264  81.8834965
  82.35237675  82.66784744  82.90980374  82.99017345  83.13970461
  83.22310043  83.24380973  83.30316787  83.69173595  83.77135549
  84.11271541  84.53947558  84.6582148   84.73692623  84.84390694
  85.16047597  85.38459398  85.46263641  86.16157462  86.29355095
  86.69379063  86.70957834  86.77065556  86.82493242  86.90168135
  87.03218892  87.31473084  87.39102868  87.44470222  87.55894522
  87.61512151  87.63505133  87.68837402  87.91556555  87.946763
  87.99136321  88.04466038  88.21108522  88.28454162  88.28662916
  88.4678975   88.54322234  88.72342731  88.80362855  88.87866886
  89.18849218  89.23987649  89.29277494  89.31455026  89.51982287
  89.5314171   89.65357417  89.65357417  89.70217389  89.75488978
  89.77646314  89.80583995  89.88004351  89.92092485  89.97290449
  89.99230651  90.03155003  90.04307611  90.10556772  90.11708433
  90.1645163   90.1645163   90.21705196  90.21705196  90.23842493
  90.23842493  90.26523879  90.33906501  90.36475161  90.44995498
  90.45325563  90.45325563  90.45565753  90.45565753  90.46986507
  90.50127071  90.50399623  90.5425661   90.57490454  90.72471181
  90.72471181  90.78135419  90.79816445  90.79816445  90.87155771
  90.92599776  90.94489174  90.95955145  90.95955145  90.97606523
  91.01674452  91.01674452  91.01677742  91.0328146   91.0328146
  91.04931509  91.25195955  91.25195955  91.2543862   91.3600767
  91.38223729  91.38223729  91.42958432  91.50247113  91.52341835
  91.64454516  91.72045659  91.86119964  91.8743937   91.88323508
  91.88323508  91.93374426  91.95576231  91.95576231  92.02362016
  92.09603683  92.14406595  92.1771291   92.1771291   92.18891127
  92.21638804  92.22478047  92.37262702  92.4447703   92.69594511
  92.72106317  92.79293555  93.00235603  93.18962746  93.26113874
  93.49436109  93.56563947  94.59473115  94.77022903  95.07819004
  95.14828194  95.20576082  95.25276316  95.27836196  95.30376279
  95.32272668  95.64158676  95.64158676  95.64158676  95.6860143
  95.75566128  95.75823724  95.78350589  95.82783173  95.85308202
  96.0253683   96.1195783   96.1195783   96.1195783   96.18891135
  96.18891135  96.18891135  96.41671098  96.42046867  96.42046867
  96.43330742  96.47400832  96.6981643   96.74145929  96.75064894
  96.83331654  96.89072883  96.90724087  96.95951045  96.97601078
  97.16348947  97.17075463  97.21383075  97.22082124  97.22297397
  97.23933818  97.28238393  97.2915207   97.30522425  97.37068001
  97.37371309  97.49213386  97.56506117  97.56506117  97.62882788
  97.62882788  97.63373734  97.68365671  97.69078201  97.70199589
  97.75900072  97.79463129  97.83989189  97.90800671  97.91980403]
