tau = [ 23.86713221  25.90353456  26.71456706  31.5656444   36.76975426
  33.13220501  29.70841516  33.77007551  38.12306298  38.67871406
  27.8861973   27.64609677  40.8039797   36.1848012   44.63339207
  40.97791791  26.00589677  56.03851137  56.50109556  28.40727606
  45.75470239  46.21869515  28.64099626  31.45147939  56.93564665
  57.39100019  57.30918643  57.76159531  49.6141571   31.23879355
  45.89051822  25.74826855  34.70312186  34.5104815   48.01134886
  59.20577447  58.76448492  39.86471567  35.1232117   45.28595588
  40.03159863  35.31250959  46.67807592  55.69281322  33.21104234
  65.58905058  65.1909849   33.00969555  41.92951758  63.97682332
  64.44036847  43.69434237  42.08821424  43.38811921  42.01423039
  37.6279447   53.22774303  37.45035232  41.69566991  69.27701651
  69.74102761  46.85683446  54.41707085  49.77517159  64.76408746
  65.22203762  51.0450064   65.09271861  65.54837284  70.4639201
  70.0047007   70.76608669  70.30884091  42.25683377  42.09877275
  48.44775243  38.19069113  39.32593151  50.54234748  66.37758547
  66.8244792   50.67407841  71.94971066  71.5000346   68.36337908
  67.98156041  46.89321202  45.5860115   59.98403491  47.21435752
  38.01572774  39.49509112  69.29340929  58.934858    59.54859827
  45.29257972  47.03516415  60.09507282  60.01118612  59.6604466
  47.35534699  48.9702404   58.11322282  58.55933363  72.12893787
  72.54040836  49.10618879  77.28751962  76.86907554  58.2278284
  58.67306783  51.16678171  66.29124293  58.31307211  43.20334349
  50.48955888  65.89749616  66.39173309  77.23599638  77.70053523
  56.52016356  55.17961088  56.97789045  42.89361517  65.99858584
  45.809703    56.63799275  88.72342731  89.65357417  89.18849218
  77.88935896  78.35002411  56.86076562  78.16282511  49.04279311
  78.62188797  55.26377154  46.30185981  54.0932939   45.66394152
  46.44561934  46.76033457  57.99665686  55.38427374  50.24950477
  54.21639768  47.80371906  89.29277494  90.21705196  89.75488978
  89.5314171   90.45325563  72.3931858   89.99230651  79.65543756
  47.66405587  79.24949727  72.0327308   50.70038352  75.90628341
  80.45504151  75.51315577  57.43282066  64.89406137  50.83170489
  67.51358711  70.66550806  67.0713716   58.19389048  51.94736653
  63.56523608  57.74495649  79.2360339   79.68891458  46.90268886
  69.03683397  67.61226056  68.6588345   67.17069467  52.07554342
  68.1027834   69.13333333  68.7558644   69.95773327  91.38223729
  90.46986507  57.31662547  90.92599776  70.05296409  66.25100419
  52.13525146  84.11271541  84.53947558  47.98186891  59.71670155
  82.66784744  77.88221877  82.35237675  66.35155529  77.46706827
  60.77898028  73.17464649  95.64158676  94.77022903  95.20576082
  57.86029151  58.3083375   59.82823562  72.76684227  77.96777112
  77.5530786   65.80030395  60.88856853  72.14362219  73.26569608
  71.41643135  70.96346478  75.05823665  72.58922479  62.36672794
  72.85840148  61.27669898  64.79979424  70.03675226  72.23597134
  90.45565753  90.44995498  89.97290449  65.90154272  83.13970461]
