tau = [ 26.71869924  29.10708199  27.93842436  36.72255959  30.075433
  30.03048589  29.64889324  34.35921355  32.36081306  38.49519081
  32.21591227  32.17395555  31.81807982  37.6193175   31.1640552
  31.12068041  30.75261837  39.23286412  38.90590625  37.86521462
  33.05244038  32.66533294  40.03698677  37.62655033  42.60531715
  37.02969534  36.99319869  36.68410469  41.01072684  35.18330575
  35.14489175  34.81939407  40.89683313  40.58328319  39.58671257
  35.01138599  34.64617309  41.66885699  39.35848858  40.07348617
  39.75344272  38.7355282   34.04600538  33.67032288  40.8610692
  38.50225911  45.47942049  40.04709276  42.35118067  42.04868734
  40.27031144  45.28154414  47.70172314  44.78709963  44.50096862
  43.59404942  39.48582634  39.16236258  45.49315307  43.38690997
  43.27298187  42.97677133  42.03698148  37.75972919  37.42134832
  44.00333673  41.82213078  46.9223936   41.6785673   43.89710511
  43.6053373   41.8930939   46.73062778  49.07940224  46.20654017
  40.87097143  43.13106967  42.83408426  41.08971465  46.01179095
  48.39546526  50.34922397  45.50204727  47.54249857  47.27323528
  45.69862854  50.17055816  52.36526576  49.00725478  44.01253199
  46.11893144  45.84130714  44.21573608  48.82367841  51.07629317]
