doa =  [[  1.50837752e+00   0.00000000e+00]
 [  1.98320677e+00   0.00000000e+00]
 [  1.26791146e+00   0.00000000e+00]
 [  1.52539537e+00  -3.13036507e+00]
 [  1.51535171e+00   4.84206095e-01]
 [  1.51526864e+00   7.19176215e-04]
 [  1.51455323e+00  -4.42936565e-01]
 [  8.88479772e-01   0.00000000e+00]
 [  2.17308367e+00   0.00000000e+00]
 [  1.87870692e+00  -3.13036507e+00]
 [  1.94135891e+00   4.84206095e-01]
 [  1.94186560e+00   7.19176215e-04]
 [  1.94622120e+00  -4.42936565e-01]
 [  1.34742607e+00  -3.13036507e+00]
 [  1.30010040e+00   4.84206095e-01]
 [  1.29971360e+00   7.19176215e-04]
 [  1.29638573e+00  -4.42936565e-01]
 [  1.52830215e+00   2.78816399e+00]
 [  1.52794482e+00  -2.79803225e+00]
 [  1.52676633e+00  -7.82084487e-01]
 [  1.52035001e+00   4.37966837e-01]
 [  1.51975167e+00  -3.98794687e-01]
 [  1.52915612e+00  -3.13075689e+00]
 [  1.52648687e+00   7.88643791e-01]
 [  1.03730369e+00  -3.13036507e+00]
 [  9.45773253e-01   4.84206095e-01]
 [  9.45061235e-01   7.19176215e-04]
 [  9.38959217e-01  -4.42936565e-01]
 [  2.03424708e+00  -3.13036507e+00]
 [  2.11891270e+00   4.84206095e-01]
 [  2.11958014e+00   7.19176215e-04]
 [  2.12530598e+00  -4.42936565e-01]
 [  1.86008514e+00   2.78816399e+00]
 [  1.86238551e+00  -2.79803225e+00]
 [  1.86995011e+00  -7.82084487e-01]
 [  1.91051826e+00   4.37966837e-01]
 [  1.91424624e+00  -3.98794687e-01]
 [  1.85457510e+00  -3.13075689e+00]
 [  1.87173895e+00   7.88643791e-01]
 [  1.36131633e+00   2.78816399e+00]
 [  1.35960444e+00  -2.79803225e+00]
 [  1.35396717e+00  -7.82084487e-01]
 [  1.32351711e+00   4.37966837e-01]
 [  1.32069940e+00  -3.98794687e-01]
 [  1.36541233e+00  -3.13075689e+00]
 [  1.35263232e+00   7.88643791e-01]
 [  1.53414151e+00  -2.50351162e+00]
 [  1.52916663e+00   7.30195950e-01]
 [  1.53143267e+00   2.81579411e+00]
 [  1.53114935e+00  -2.82413360e+00]
 [  1.52939752e+00  -7.23561949e-01]
 [  1.53398126e+00   2.52262984e+00]
 [  1.53584988e+00  -9.70847715e-01]
 [  1.06583881e+00   2.78816399e+00]
 [  1.06228121e+00  -2.79803225e+00]
 [  1.05064699e+00  -7.82084487e-01]
 [  9.89963827e-01   4.37966837e-01]
 [  9.84532886e-01  -3.98794687e-01]
 [  1.07439746e+00  -3.13075689e+00]
 [  1.04791035e+00   7.88643791e-01]
 [  2.00828608e+00   2.78816399e+00]
 [  2.01151219e+00  -2.79803225e+00]
 [  2.02208319e+00  -7.82084487e-01]
 [  2.07776116e+00   4.37966837e-01]
 [  2.08279021e+00  -3.98794687e-01]
 [  2.00053700e+00  -3.13075689e+00]
 [  2.02457443e+00   7.88643791e-01]
 [  1.82206965e+00  -2.50351162e+00]
 [  1.85450716e+00   7.30195950e-01]
 [  1.83980203e+00   2.81579411e+00]
 [  1.84164716e+00  -2.82413360e+00]
 [  1.85301437e+00  -7.23561949e-01]
 [  1.82312320e+00   2.52262984e+00]
 [  1.81080396e+00  -9.70847715e-01]
 [  1.38945441e+00  -2.50351162e+00]
 [  1.36546280e+00   7.30195950e-01]
 [  1.37636407e+00   2.81579411e+00]
 [  1.37499856e+00  -2.82413360e+00]
 [  1.36657140e+00  -7.23561949e-01]
 [  1.38867828e+00   2.52262984e+00]
 [  1.39774140e+00  -9.70847715e-01]
 [  1.12594053e+00  -2.50351162e+00]
 [  1.07450333e+00   7.30195950e-01]
 [  1.09760124e+00   2.81579411e+00]
 [  1.09468281e+00  -2.82413360e+00]
 [  1.07683122e+00  -7.23561949e-01]
 [  1.12424214e+00   2.52262984e+00]
 [  1.14421571e+00  -9.70847715e-01]
 [  1.95421627e+00  -2.50351162e+00]
 [  2.00044125e+00   7.30195950e-01]
 [  1.97961207e+00   2.81579411e+00]
 [  1.98223726e+00  -2.82413360e+00]
 [  1.99833654e+00  -7.23561949e-01]
 [  1.95573345e+00   2.52262984e+00]
 [  1.93792847e+00  -9.70847715e-01]]
