Signatures
----------
from cycle : 0 to cycle 1
1 : 3
   [7 9 8]
   [2 2 2]
2 : 18
   [7 7 7 9 9 9 8 8 8 3 3 3 4 4 4 2 2 2]
   [2 2 2 2 2 2 2 2 2 1 1 1 1 1 1 1 1 1]
   [6 5 1 6 5 1 6 5 1 7 9 8 7 9 8 7 9 8]
   [1 1 1 1 1 1 1 1 1 2 2 2 2 2 2 2 2 2]
3 : 69
   [7 7 7 7 7 7 7 9 9 9 9 9 9 9 9 9 8 8 8 8 8 8 8 3 3 3 3 3 3 3 3 3 3 3 3 3 3
 3 4 4 4 4 4 4 4 4 4 4 4 4 7 7 9 9 9 8 8 2 2 2 2 2 2 2 2 2 2 2 2]
   [2 2 2 2 2 2 2 2 2 2 2 2 2 2 2 2 2 2 2 2 2 2 2 1 1 1 1 1 1 1 1 1 1 1 1 1 1
 1 1 1 1 1 1 1 1 1 1 1 1 1 1 1 1 1 1 1 1 1 1 1 1 1 1 1 1 1 1 1 1]
   [5 1 1 6 6 5 6 5 1 6 1 6 6 6 5 6 5 1 6 1 6 6 5 4 2 4 2 4 2 9 8 7 9 8 7 9 8
 7 2 3 2 3 2 9 7 8 7 9 7 8 3 3 3 3 3 3 3 3 4 3 4 4 9 8 7 9 8 7 8]
   [1 1 1 1 1 1 1 1 1 1 1 1 1 1 1 1 1 1 1 1 1 1 1 1 1 1 1 1 1 2 2 2 2 2 2 2 2
 2 1 1 1 1 1 2 2 2 2 2 2 2 1 1 1 1 1 1 1 1 1 1 1 1 2 2 2 2 2 2 2]
   [6 6 5 9 8 1 1 6 6 5 5 7 9 8 1 1 6 6 5 5 7 9 1 7 7 9 9 8 8 6 6 6 5 5 5 1 1
 1 7 9 9 8 8 6 6 6 5 1 1 1 9 8 7 9 8 7 9 7 7 9 9 8 6 6 6 5 5 5 1]
   [1 1 1 1 1 1 1 1 1 1 1 1 1 1 1 1 1 1 1 1 1 1 1 2 2 2 2 2 2 1 1 1 1 1 1 1 1
 1 2 2 2 2 2 1 1 1 1 1 1 1 2 2 2 2 2 2 2 2 2 2 2 2 1 1 1 1 1 1 1]
4 : 258
   [7 7 7 7 7 7 7 7 7 7 7 7 7 7 7 7 7 7 7 7 7 9 9 9 9 9 9 9 9 9 9 9 9 9 9 9 9
 9 9 9 9 9 9 9 9 9 9 8 8 8 8 8 8 8 8 8 8 8 8 8 8 8 8 8 8 8 8 8 3 3 3 3 3 3
 3 3 3 3 3 3 3 3 3 3 3 3 3 3 3 3 3 3 3 3 3 3 3 3 3 3 3 3 3 3 3 3 3 3 3 3 3
 4 4 4 4 4 4 4 4 4 4 4 4 4 4 4 4 4 4 4 4 4 4 4 4 4 4 4 4 4 4 4 4 4 4 4 4 4
 4 4 4 4 4 7 7 7 7 7 7 7 7 7 7 7 7 7 7 7 7 7 7 7 9 9 9 9 9 9 9 9 9 9 9 9 9
 9 9 9 9 9 9 9 9 9 9 9 9 8 8 8 8 8 8 8 8 8 8 8 8 8 8 8 8 8 8 8 2 2 2 2 2 2
 2 2 2 2 2 2 2 2 2 2 2 2 2 2 2 2 2 2 2 2 2 2 2 2 2 2 2 2 2 2 2 2 2 2 2 2]
   [2 2 2 2 2 2 2 2 2 2 2 2 2 2 2 2 2 2 2 2 2 2 2 2 2 2 2 2 2 2 2 2 2 2 2 2 2
 2 2 2 2 2 2 2 2 2 2 2 2 2 2 2 2 2 2 2 2 2 2 2 2 2 2 2 2 2 2 2 1 1 1 1 1 1
 1 1 1 1 1 1 1 1 1 1 1 1 1 1 1 1 1 1 1 1 1 1 1 1 1 1 1 1 1 1 1 1 1 1 1 1 1
 1 1 1 1 1 1 1 1 1 1 1 1 1 1 1 1 1 1 1 1 1 1 1 1 1 1 1 1 1 1 1 1 1 1 1 1 1
 1 1 1 1 1 1 1 1 1 1 1 1 1 1 1 1 1 1 1 1 1 1 1 1 1 1 1 1 1 1 1 1 1 1 1 1 1
 1 1 1 1 1 1 1 1 1 1 1 1 1 1 1 1 1 1 1 1 1 1 1 1 1 1 1 1 1 1 1 1 1 1 1 1 1
 1 1 1 1 1 1 1 1 1 1 1 1 1 1 1 1 1 1 1 1 1 1 1 1 1 1 1 1 1 1 1 1 1 1 1 1]
   [5 1 6 6 1 5 6 1 1 5 5 6 1 1 5 5 6 1 5 6 6 5 1 6 6 6 1 5 6 6 1 1 5 5 6 6 1
 1 5 5 6 6 1 5 6 6 6 5 1 6 6 1 5 6 1 1 5 5 6 1 1 5 5 6 1 5 6 6 4 2 4 2 4 2
 9 9 8 8 4 4 4 7 7 2 2 2 9 9 8 8 4 7 2 2 2 9 8 9 8 7 9 7 9 9 8 4 4 4 7 7 2
 3 2 9 3 7 2 9 3 7 9 3 3 9 7 7 2 2 2 8 3 3 9 9 7 2 2 2 8 8 9 8 9 7 8 9 7 3
 3 9 7 7 2 3 2 2 4 3 2 2 4 4 3 2 4 4 3 3 3 3 3 3 3 3 2 2 4 3 3 2 2 4 4 3 3
 2 4 4 3 3 3 3 3 3 3 3 3 3 2 2 4 3 2 2 4 4 3 2 4 4 3 3 3 3 3 3 3 8 9 3 4 8
 9 3 4 9 3 3 9 8 8 4 4 4 7 3 3 9 8 8 4 9 8 9 8 7 9 7 3 3 9 9 8 4 4 4 7 7]
   [1 1 1 1 1 1 1 1 1 1 1 1 1 1 1 1 1 1 1 1 1 1 1 1 1 1 1 1 1 1 1 1 1 1 1 1 1
 1 1 1 1 1 1 1 1 1 1 1 1 1 1 1 1 1 1 1 1 1 1 1 1 1 1 1 1 1 1 1 1 1 1 1 1 1
 2 2 2 2 1 1 1 2 2 1 1 1 2 2 2 2 1 2 1 1 1 2 2 2 2 2 2 2 2 2 2 1 1 1 2 2 1
 1 1 1 1 1 1 1 1 1 1 1 1 2 2 2 1 1 1 2 1 1 2 2 2 1 1 1 2 2 2 2 2 2 2 2 2 1
 1 2 2 2 1 1 1 1 1 1 1 1 1 1 1 1 1 1 1 1 1 1 1 1 1 1 1 1 1 1 1 1 1 1 1 1 1
 1 1 1 1 1 1 1 1 1 1 1 1 1 1 1 1 1 1 1 1 1 1 1 1 1 1 1 1 1 1 1 1 1 1 1 1 1
 1 1 1 1 1 1 2 2 2 1 1 1 2 1 1 2 2 2 1 2 2 2 2 2 2 2 1 1 2 2 2 1 1 1 2 2]
   [1 5 9 1 6 1 1 5 6 1 6 1 5 6 1 6 1 5 6 9 8 1 5 7 9 1 6 1 1 5 5 6 1 6 1 5 5
 6 1 6 1 5 5 6 9 8 5 1 5 7 9 6 1 5 5 6 1 6 5 5 6 1 6 5 5 6 9 5 2 4 2 4 2 4
 5 1 5 1 9 7 8 5 1 9 8 7 6 1 6 1 7 1 9 8 7 6 6 6 6 6 6 6 5 6 5 9 7 8 5 6 8
 2 3 3 2 3 3 3 2 3 3 9 8 1 5 1 9 8 7 1 9 8 6 1 1 9 8 7 6 1 6 6 6 6 6 6 6 9
 8 6 5 6 8 2 3 4 2 2 3 4 3 2 2 4 3 2 9 8 9 8 9 8 4 2 3 4 2 4 2 3 4 3 2 4 2
 4 3 2 9 8 7 9 8 7 9 8 7 4 3 4 2 4 3 4 3 2 4 4 3 2 9 7 9 7 9 7 4 3 3 4 3 3
 3 4 3 3 9 7 5 5 1 9 7 8 5 9 7 6 6 1 7 6 6 6 6 6 6 6 9 7 5 6 5 9 7 8 5 6]
   [1 1 1 1 1 1 1 1 1 1 1 1 1 1 1 1 1 1 1 1 1 1 1 1 1 1 1 1 1 1 1 1 1 1 1 1 1
 1 1 1 1 1 1 1 1 1 1 1 1 1 1 1 1 1 1 1 1 1 1 1 1 1 1 1 1 1 1 1 1 1 1 1 1 1
 1 1 1 1 2 2 2 1 1 2 2 2 1 1 1 1 2 1 2 2 2 1 1 1 1 1 1 1 1 1 1 2 2 2 1 1 2
 1 1 1 1 1 1 1 1 1 1 2 2 1 1 1 2 2 2 1 2 2 1 1 1 2 2 2 1 1 1 1 1 1 1 1 1 2
 2 1 1 1 2 1 1 1 1 1 1 1 1 1 1 1 1 1 2 2 2 2 2 2 1 1 1 1 1 1 1 1 1 1 1 1 1
 1 1 1 2 2 2 2 2 2 2 2 2 1 1 1 1 1 1 1 1 1 1 1 1 1 2 2 2 2 2 2 1 1 1 1 1 1
 1 1 1 1 2 2 1 1 1 2 2 2 1 2 2 1 1 1 2 1 1 1 1 1 1 1 2 2 1 1 1 2 2 2 1 1]
   [6 6 5 5 5 7 7 7 7 9 9 9 9 9 8 8 8 8 1 1 1 6 6 5 5 5 5 7 7 7 7 7 9 9 9 9 9
 9 8 8 8 8 8 1 1 1 1 6 6 5 5 5 7 7 7 7 9 9 9 9 9 8 8 8 8 1 1 1 7 7 9 9 8 8
 6 6 6 6 6 6 6 6 6 6 6 6 5 5 5 5 5 5 5 5 5 7 7 9 9 9 8 8 1 1 1 1 1 1 1 1 1
 7 7 7 9 9 9 9 8 8 8 6 6 6 6 6 6 6 6 6 5 5 5 5 5 5 5 5 5 5 7 7 9 9 9 8 8 1
 1 1 1 1 1 7 7 7 7 9 9 9 9 9 8 8 8 8 6 6 5 5 1 1 7 7 7 7 7 9 9 9 9 9 9 8 8
 8 8 8 6 6 6 5 5 5 1 1 1 7 7 7 7 9 9 9 9 9 8 8 8 8 6 6 5 5 1 1 7 7 7 9 9 9
 9 8 8 8 6 6 6 6 6 6 6 6 6 5 5 5 5 5 5 7 7 9 9 9 8 8 1 1 1 1 1 1 1 1 1 1]
   [1 1 1 1 1 1 1 1 1 1 1 1 1 1 1 1 1 1 1 1 1 1 1 1 1 1 1 1 1 1 1 1 1 1 1 1 1
 1 1 1 1 1 1 1 1 1 1 1 1 1 1 1 1 1 1 1 1 1 1 1 1 1 1 1 1 1 1 1 2 2 2 2 2 2
 1 1 1 1 1 1 1 1 1 1 1 1 1 1 1 1 1 1 1 1 1 1 1 1 1 1 1 1 1 1 1 1 1 1 1 1 1
 2 2 2 2 2 2 2 2 2 2 1 1 1 1 1 1 1 1 1 1 1 1 1 1 1 1 1 1 1 1 1 1 1 1 1 1 1
 1 1 1 1 1 2 2 2 2 2 2 2 2 2 2 2 2 2 1 1 1 1 1 1 2 2 2 2 2 2 2 2 2 2 2 2 2
 2 2 2 1 1 1 1 1 1 1 1 1 2 2 2 2 2 2 2 2 2 2 2 2 2 1 1 1 1 1 1 2 2 2 2 2 2
 2 2 2 2 1 1 1 1 1 1 1 1 1 1 1 1 1 1 1 1 1 1 1 1 1 1 1 1 1 1 1 1 1 1 1 1]
